10 8 40
10 20 30 40 50 60 70 80
11 22 33 44 55 66 77 88
12 48 32 42 52 62 72 82 
13 23 33 43 53 63 73 83
14 24 34 44 54 64 74 84
15 25 35 45 55 65 75 85 
16 26 36 46 56 66 76 86
17 27 37 47 57 67 77 87
18 28 38 48 58 68 78 88
19 29 39 49 59 69 79 89

4 5 9
10 20 30 40 50
60 70 80 90 10
11 22 33 44 55
66 77 88 99 90

2 2 3
10 20
30 40

3 2 4
10 20
30 40
50 60

2 3 4
10 20 30
40 50 60

4 5 9
10 20 30 40 50
60 70 80 90 100
11 22 33 44 55
66 77 88 99 90

Output:
88 77 66 11 60
99 44 33 22 10
90 90 80 70 20
55 100 50 40 30

Input:

10 8 40
9718805 60013003 5103628 85388216 21884498 38021292 73470430 31785927
69999937 71783860 10329789 96382322 71055337 30247265 96087879 93754371
79943507 75398396 38446081 34699742 1408833 51189 17741775 53195748
79354991 26629304 86523163 67042516 54688734 54630910 6967117 90198864
84146680 27762534 6331115 5932542 29446517 15654690 92837327 91644840
58623600 69622764 2218936 58592832 49558405 17112485 38615864 32720798
49469904 5270000 32589026 56425665 23544383 90502426 63729346 35319547
20888810 97945481 85669747 88915819 96642353 42430633 47265349 89653362
55349226 10844931 25289229 90786953 22590518 54702481 71197978 50410021
9392211 31297360 27353496 56239301 7071172 61983443 86544343 43779176

Result:

93754371 53195748 90198864 91644840 32720798 35319547 89653362 50410021
31785927 25289229 10844931 97945481 5270000 69622764 27762534 43779176
73470430 90786953 42430633 96642353 88915819 85669747 26629304 86544343
38021292 22590518 90502426 67042516 54688734 32589026 75398396 61983443
21884498 54702481 17112485 5932542 29446517 2218936 71783860 7071172
85388216 71197978 15654690 58592832 49558405 6331115 10329789 56239301
5103628 47265349 54630910 56425665 23544383 86523163 96382322 27353496
60013003 63729346 51189 1408833 34699742 38446081 71055337 31297360
9718805 38615864 92837327 6967117 17741775 96087879 30247265 9392211
69999937 79943507 79354991 84146680 58623600 49469904 20888810 55349226
